    7.5
   22.5
   37.5
   52.5
   67.5
   82.5
   97.5
  112.5
  127.5
  142.5
  157.5
  172.5
  187.5
  202.5
  217.5
  232.5
  247.5
  262.5
  277.5
  292.5
  307.5
  322.5
  336.8
  350.0
  361.9
  372.9
  382.8
  391.9
  400.3
  407.9
  414.8
  421.2
  426.9
  432.2
  437.3
  442.3
  447.3
  452.3
  457.3
  462.3
  467.3
  472.3
  477.3
  482.3
  487.3
  492.3
  497.3
  502.3
  507.3
  512.3
  517.3
  522.3
  527.3
  532.3
  537.3
  542.3
  547.3
  552.3
  557.3
  562.3
  567.3
  572.3
  577.3
  582.3
  587.3
  592.3
  597.3
  602.3
  607.3
  612.3
  617.3
  622.3
  627.3
  632.3
  637.3
  642.3
  647.3
  652.3
  657.3
  662.3
  667.3
  672.3
  677.3
  682.3
  687.3
  692.3
  697.3
  702.3
  707.3
  712.3
  717.3
  722.3
  727.3
  732.3
  737.3
  742.3
  747.3
  752.3
  757.3
  762.3
  767.3
  772.3
  777.3
  782.3
  787.3
  792.3
  797.3
  802.3
  807.3
  812.3
  817.3
  822.3
  827.3
  832.3
  837.3
  842.5
  848.3
  854.7
  861.6
  869.2
  877.5
  886.6
  896.6
  907.5
  919.5
  932.6
  947.0
  962.7
  979.9
  998.7
 1019.4
 1041.9
 1066.7
 1093.8
 1123.4
 1155.9
 1191.5
 1230.4
 1273.0
 1319.7
 1370.8
 1426.8
 1488.1
 1555.3
